2 => 65, 283
11 => 363
15 => 66, 73
16 => 49, 99, 114, 121, 281
23 => 384
24 => 227
26 => 253, 274, 335, 355
30 => 57, 125, 343
33 => 79, 235, 253
44 => 66, 306
49 => 16, 99, 114, 121, 281
53 => 72, 178, 217, 306, 406
55 => 63, 183, 408
57 => 30, 125
58 => 63, 217, 363, 428, 436
63 => 55, 58, 88, 306
65 => 2, 124, 283, 409
66 => 15, 44, 169, 183
68 => 125, 300
72 => 53, 306, 326
73 => 15, 354, 363
74 => 97
79 => 33
88 => 63, 217
97 => 74, 158, 311, 324, 363, 370
98 => 217, 355
99 => 16, 49, 114, 121, 281
113 => 262
114 => 16, 49, 99, 121, 281
119 => 124, 283
121 => 16, 49, 99, 114, 281
124 => 65, 119, 189, 228, 283, 389, 436
125 => 30, 57, 68
136 => 262
139 => 427
150 => 265, 359
158 => 97, 311
161 => 253
166 => 227, 262, 420
167 => 301
169 => 66, 304
178 => 53, 189, 217, 273, 322
181 => 263
183 => 55, 66
189 => 124, 178
217 => 53, 58, 88, 98, 178, 355, 428
225 => 408
227 => 24, 166, 246, 301
228 => 124, 436
235 => 33
241 => 413
246 => 227
253 => 26, 33, 161, 335
255 => 273
262 => 113, 136, 166
263 => 181
265 => 150
273 => 178, 255
274 => 26, 311
281 => 16, 49, 99, 114, 121
283 => 2, 65, 119, 124, 363, 409
300 => 68
301 => 167, 227, 370
304 => 169
306 => 44, 53, 63, 72
308 => 438
311 => 97, 158, 274
322 => 178
324 => 97, 347
326 => 72
335 => 26, 253, 442
343 => 30
347 => 324
354 => 73, 363
355 => 26, 98, 217
359 => 150
363 => 11, 58, 73, 97, 283, 354
370 => 97, 301
384 => 23
389 => 124
406 => 53
408 => 55, 225, 424
409 => 65, 283
413 => 241
420 => 166, 423
423 => 420
424 => 408
427 => 139
428 => 58, 217
436 => 58, 124, 228
438 => 308
442 => 335